cifar10, arcface
ilk epoch
epoch     train_loss  valid_loss  accuracy  time    
0         2.026485    1.920835    0.409800  00:31                                                                                                       
1         1.764336    1.696747    0.488600  00:31                                                                                                       
2         1.596131    1.537086    0.559700  00:30                                                                                                       
3         1.522955    1.504008    0.586400  00:32                                                                                                       
4         1.468959    1.431600    0.632900  00:32                                                                                                       
5         1.456074    1.429047    0.634600  00:31                                                                                                       
6         1.422908    1.384888    0.665700  00:31                                                                                                       
7         1.398340    1.368087    0.668700  00:31                                                                                                       
8         1.398247    1.368300    0.663100  00:31                                                                                                       
9         1.391758    1.351319    0.685400  00:32                                                                                                        
10        1.376000    1.355960    0.681300  00:30                                                                                                        
11        1.356721    1.327717    0.698100  00:32                                                                                                        
12        1.333841    1.316671    0.697000  00:31                                                                                                        
13        1.331044    1.313291    0.705800  00:31                                                                                                        
14        1.330208    1.306994    0.702900  00:32                                                                                                        
15        1.321573    1.307495    0.708900  00:31                                                                                                        
16        1.300900    1.299227    0.713900  00:32                                                                                                        
17        1.307331    1.294227    0.712600  00:30                                                                                                        
18        1.299417    1.293375    0.716300  00:30                                                                                                        
19        1.305916    1.291773    0.715700  00:32                                                                                                        
ikinci epoch
epoch     train_loss  valid_loss  accuracy  time    
0         1.298425    1.289629    0.714600  00:29                                                                                                       
1         1.297140    1.291494    0.715400  00:30                                                                                                       
2         1.294348    1.289509    0.717800  00:29                                                                                                       
3         1.293459    1.287824    0.715400  00:29                                                                                                       
4         1.309314    1.288322    0.719900  00:30                                                                                                       
5         1.317020    1.297979    0.713000  00:30                                                                                                       
6         1.315097    1.304834    0.710800  00:29                                                                                                       
7         1.304954    1.302919    0.716800  00:30                                                                                                       
8         1.320946    1.300746    0.710200  00:32                                                                                                       
9         1.325527    1.301246    0.710800  00:30                                                                                                        
10        1.314422    1.306362    0.712800  00:30                                                                                                        
11        1.314808    1.298854    0.716200  00:30                                                                                                        
12        1.320333    1.297141    0.709700  00:30                                                                                                        
13        1.295495    1.283883    0.723000  00:30                                                                                                        
14        1.299808    1.283781    0.720800  00:31                                                                                                        
15        1.294906    1.282838    0.724800  00:29                                                                                                        
16        1.290731    1.277959    0.726700  00:30                                                                                                        
17        1.276460    1.279799    0.726900  00:30                                                                                                        
18        1.280193    1.275586    0.728000  00:29                                                                                                        
19        1.274134    1.273734    0.730200  00:30                                                                                                        
20        1.288186    1.269450    0.728700  00:30                                                                                                        
21        1.263575    1.271039    0.731800  00:30                                                                                                        
22        1.283719    1.270617    0.730200  00:29                                                                                                        
23        1.282861    1.260617    0.733800  00:30                                                                                                        
24        1.278213    1.262422    0.730800  00:30                                                                                                        
25        1.257554    1.258184    0.734900  00:30                                                                                                        
26        1.257175    1.255810    0.734500  00:30                                                                                                        
27        1.258924    1.268096    0.728000  00:30                                                                                                        
28        1.247006    1.258117    0.732600  00:30                                                                                                        
29        1.272048    1.261037    0.730500  00:30                                                                                                        
cifar10; training: 0
cifar10, arcface
ilk epoch
epoch     train_loss  valid_loss  accuracy  time    
0         2.038782    1.931526    0.407000  00:30                                                                                                       
1         1.775799    1.702507    0.489300  00:30                                                                                                       
2         1.592890    1.552376    0.564700  00:31                                                                                                       
3         1.515503    1.452397    0.622400  00:30                                                                                                       
4         1.477908    1.433033    0.633400  00:31                                                                                                       
5         1.433818    1.399632    0.649700  00:31                                                                                                       
6         1.454517    1.393569    0.656600  00:30                                                                                                       
7         1.400802    1.375502    0.670200  00:30                                                                                                       
8         1.386066    1.367471    0.671700  00:30                                                                                                       
9         1.381305    1.344211    0.685100  00:30                                                                                                        
10        1.387406    1.344170    0.681600  00:30                                                                                                        
11        1.362869    1.328919    0.688600  00:30                                                                                                        
12        1.340523    1.323852    0.698900  00:30                                                                                                        
13        1.330210    1.305610    0.705300  00:29                                                                                                        
14        1.322783    1.293367    0.710100  00:30                                                                                                        
15        1.307492    1.286426    0.717300  00:30                                                                                                        
16        1.311036    1.284400    0.718900  00:30                                                                                                        
17        1.298846    1.283555    0.718500  00:30                                                                                                        
18        1.308558    1.284007    0.720600  00:30                                                                                                        
19        1.303365    1.279515    0.718600  00:30                                                                                                        
ikinci epoch
epoch     train_loss  valid_loss  accuracy  time    
0         1.290948    1.282202    0.719400  00:31                                                                                                       
1         1.304573    1.282353    0.721100  00:31                                                                                                       
2         1.300164    1.288101    0.719800  00:30                                                                                                       
3         1.328048    1.287728    0.723200  00:30                                                                                                       
4         1.293234    1.290552    0.717500  00:30                                                                                                       
5         1.303440    1.297294    0.717600  00:30                                                                                                       
6         1.311920    1.301667    0.708000  00:31                                                                                                       
7         1.311077    1.298184    0.712300  00:31                                                                                                       
8         1.322274    1.294934    0.712700  00:30                                                                                                       
9         1.313183    1.289541    0.715200  00:30                                                                                                        
10        1.301945    1.283229    0.718700  00:30                                                                                                        
11        1.317620    1.293702    0.714600  00:30                                                                                                        
12        1.304313    1.281869    0.720900  00:29                                                                                                        
13        1.298344    1.286290    0.718100  00:31                                                                                                        
14        1.297449    1.276062    0.723400  00:30                                                                                                        
15        1.285151    1.282327    0.721900  00:30                                                                                                        
16        1.302174    1.276050    0.722000  00:30                                                                                                        
17        1.282629    1.275665    0.724400  00:31                                                                                                        
18        1.284020    1.266149    0.729500  00:31                                                                                                        
19        1.289414    1.266877    0.731100  00:30                                                                                                        
20        1.281649    1.263536    0.729900  00:30                                                                                                        
21        1.287976    1.261168    0.732800  00:31                                                                                                        
22        1.281101    1.258647    0.732700  00:30                                                                                                        
23        1.268405    1.259078    0.734300  00:31                                                                                                        
24        1.274719    1.257200    0.734800  00:31                                                                                                        
25        1.266462    1.256198    0.735600  00:31                                                                                                        
26        1.258380    1.256032    0.737500  00:31                                                                                                        
27        1.264561    1.255893    0.737700  00:31                                                                                                        
28        1.258661    1.253088    0.735400  00:31                                                                                                        
29        1.276480    1.258278    0.736400  00:31                                                                                                        
cifar10; training: 1
cifar10, arcface
ilk epoch
epoch     train_loss  valid_loss  accuracy  time    
0         2.010143    1.918628    0.417300  00:30                                                                                                       
1         1.765854    1.701242    0.486500  00:30                                                                                                       
2         1.603463    1.519998    0.555900  00:30                                                                                                       
3         1.504564    1.489699    0.595400  00:31                                                                                                       
4         1.466763    1.415502    0.632100  00:30                                                                                                       
5         1.449729    1.399365    0.654900  00:31                                                                                                       
6         1.417384    1.396966    0.653700  00:30                                                                                                       
7         1.407490    1.355404    0.684400  00:31                                                                                                       
8         1.401678    1.363279    0.679800  00:30                                                                                                       
9         1.381057    1.356480    0.680800  00:30                                                                                                        
10        1.378126    1.344599    0.688100  00:30                                                                                                        
11        1.360529    1.326293    0.694400  00:30                                                                                                        
12        1.333565    1.320055    0.702900  00:31                                                                                                        
13        1.322143    1.308681    0.707700  00:30                                                                                                        
14        1.343721    1.301046    0.712600  00:30                                                                                                        
15        1.310177    1.297577    0.720300  00:31                                                                                                        
16        1.310501    1.294018    0.720400  00:30                                                                                                        
17        1.304701    1.286312    0.718500  00:30                                                                                                        
18        1.309083    1.284794    0.716400  00:30                                                                                                        
19        1.306086    1.283990    0.720700  00:30                                                                                                        
ikinci epoch
epoch     train_loss  valid_loss  accuracy  time    
0         1.292917    1.282965    0.720200  00:30                                                                                                       
1         1.312848    1.286669    0.721500  00:30                                                                                                       
2         1.295682    1.286010    0.722800  00:31                                                                                                       
3         1.297145    1.288166    0.719300  00:31                                                                                                       
4         1.308854    1.283728    0.719000  00:30                                                                                                       
5         1.330120    1.294444    0.716000  00:31                                                                                                       
6         1.322521    1.296213    0.718000  00:30                                                                                                       
7         1.329148    1.289097    0.719100  00:30                                                                                                       
8         1.308529    1.294969    0.718400  00:31                                                                                                       
9         1.315847    1.305097    0.714300  00:31                                                                                                        
10        1.332978    1.293405    0.715200  00:29                                                                                                        
11        1.303700    1.291937    0.720500  00:30                                                                                                        
12        1.306643    1.278972    0.721100  00:30                                                                                                        
13        1.284171    1.284319    0.721100  00:30                                                                                                        
14        1.307068    1.279949    0.725100  00:30                                                                                                        
15        1.293711    1.275935    0.725900  00:31                                                                                                        
16        1.310915    1.276583    0.730400  00:30                                                                                                        
17        1.287899    1.269266    0.731800  00:30                                                                                                        
18        1.289128    1.267242    0.731300  00:31                                                                                                        
19        1.282990    1.268145    0.735500  00:30                                                                                                        
20        1.264353    1.265767    0.735400  00:30                                                                                                        
21        1.298368    1.264516    0.736900  00:30                                                                                                        
22        1.292438    1.260224    0.737100  00:30                                                                                                        
23        1.279464    1.259181    0.737700  00:31                                                                                                        
24        1.268564    1.255596    0.737000  00:30                                                                                                        
25        1.273456    1.253352    0.739200  00:30                                                                                                        
26        1.257936    1.255024    0.741300  00:30                                                                                                        
27        1.272960    1.252536    0.741100  00:30                                                                                                        
28        1.272207    1.252655    0.739900  00:31                                                                                                        
29        1.269405    1.252012    0.740100  00:30                                                                                                        
cifar10; training: 2




