CUB_200_2011, arcface20
ilk epoch
epoch     train_loss  valid_loss  accuracy  time    
0         5.790232    5.500378    0.026305  00:54                                                                                                       
1         5.308599    4.993321    0.171829  00:52                                                                                                       
2         5.001379    4.857278    0.231650  00:53                                                                                                       
3         4.799706    4.577172    0.194315  00:53                                                                                                       
4         4.422493    4.148664    0.318625  00:53                                                                                                       
5         4.222133    4.053153    0.398812  00:53                                                                                                       
6         4.140559    4.018131    0.420450  00:53                                                                                                       
7         4.120377    3.995020    0.424692  00:54                                                                                                       
8         4.078026    3.965863    0.482393  00:53                                                                                                       
9         4.055236    3.958980    0.495545  00:53                                                                                                        
10        4.028000    3.943239    0.523971  00:54                                                                                                        
11        4.011318    3.923454    0.549851  00:53                                                                                                        
12        4.002868    3.909678    0.561731  00:53                                                                                                        
13        3.982425    3.897627    0.579975  00:53                                                                                                        
14        3.960668    3.893808    0.593127  00:53                                                                                                        
15        3.948265    3.883313    0.599491  00:53                                                                                                        
16        3.945115    3.877235    0.610946  00:53                                                                                                        
17        3.941542    3.875992    0.620280  00:53                                                                                                        
18        3.930084    3.876487    0.616037  00:53                                                                                                        
19        3.939927    3.874113    0.616037  00:53                                                                                                        
ikinci epoch
epoch     train_loss  valid_loss  accuracy  time    
0         3.933440    3.873576    0.617734  00:53                                                                                                       
1         3.931714    3.872807    0.626644  00:53                                                                                                       
2         3.937163    3.876909    0.624523  00:53                                                                                                       
3         3.930189    3.884931    0.613916  00:53                                                                                                       
4         3.939079    3.889744    0.606703  00:53                                                                                                       
5         3.956881    3.889152    0.606703  00:53                                                                                                       
6         3.963426    3.908760    0.612219  00:53                                                                                                       
7         3.969946    3.903056    0.610522  00:53                                                                                                       
8         3.964169    3.906230    0.594400  00:53                                                                                                       
9         3.959046    3.893307    0.602036  00:53                                                                                                        
10        3.971163    3.890058    0.597370  00:53                                                                                                        
11        3.962242    3.891169    0.608401  00:53                                                                                                        
12        3.956328    3.890795    0.616037  00:53                                                                                                        
13        3.956983    3.891546    0.609249  00:53                                                                                                        
14        3.955022    3.890746    0.612219  00:53                                                                                                        
15        3.950930    3.882193    0.643191  00:53                                                                                                        
16        3.938358    3.870458    0.641918  00:53                                                                                                        
17        3.935537    3.870312    0.647009  00:53                                                                                                        
18        3.936637    3.874521    0.645736  00:53                                                                                                        
19        3.931178    3.873184    0.650827  00:53                                                                                                        
20        3.920493    3.865073    0.653797  00:53                                                                                                        
21        3.925722    3.866781    0.656767  00:53                                                                                                        
22        3.921976    3.864026    0.659737  00:53                                                                                                        
23        3.925194    3.857719    0.661010  00:53                                                                                                        
24        3.921538    3.859307    0.663980  00:53                                                                                                        
25        3.916451    3.850721    0.667798  00:53                                                                                                        
26        3.904298    3.852147    0.665677  00:53                                                                                                        
27        3.903841    3.853452    0.664828  00:53                                                                                                        
28        3.905036    3.855260    0.666525  00:53                                                                                                        
29        3.909038    3.857579    0.665677  00:53                                                                                                        
--------------------------
CUB_200_2011, arcface21
ilk epoch
epoch     train_loss  valid_loss  accuracy  time    
0         5.758238    5.516295    0.024183  00:53                                                                                                       
1         5.323059    5.022143    0.165465  00:53                                                                                                       
2         5.015001    4.870299    0.248621  00:53                                                                                                       
3         4.825795    4.588789    0.257955  00:53                                                                                                       
4         4.435129    4.182321    0.286805  00:53                                                                                                       
5         4.241764    4.071394    0.385660  00:53                                                                                                       
6         4.145231    4.020046    0.421298  00:53                                                                                                       
7         4.102312    3.977560    0.470089  00:53                                                                                                       
8         4.081160    3.967789    0.457785  00:53                                                                                                       
9         4.063202    3.955681    0.488757  00:53                                                                                                        
10        4.030171    3.963173    0.512516  00:53                                                                                                        
11        4.027261    3.916142    0.549003  00:53                                                                                                        
12        3.997376    3.907013    0.591006  00:53                                                                                                        
13        3.990094    3.895946    0.587187  00:53                                                                                                        
14        3.967829    3.894432    0.588884  00:53                                                                                                        
15        3.953293    3.880130    0.603734  00:53                                                                                                        
16        3.956034    3.881938    0.610522  00:53                                                                                                        
17        3.943877    3.877237    0.616462  00:53                                                                                                        
18        3.937080    3.879122    0.624523  00:53                                                                                                        
19        3.925806    3.878499    0.620280  00:53                                                                                                        
ikinci epoch
epoch     train_loss  valid_loss  accuracy  time    
0         3.934924    3.879168    0.627917  00:53                                                                                                       
1         3.934695    3.869411    0.634705  00:53                                                                                                       
2         3.927255    3.866179    0.641493  00:53                                                                                                       
3         3.935864    3.869081    0.638099  00:53                                                                                                       
4         3.945604    3.888360    0.611370  00:53                                                                                                       
5         3.951410    3.888210    0.617734  00:53                                                                                                       
6         3.955285    3.903241    0.596945  00:53                                                                                                       
7         3.961667    3.897743    0.582096  00:53                                                                                                       
8         3.965759    3.901925    0.595672  00:53                                                                                                       
9         3.970357    3.894938    0.598642  00:53                                                                                                        
10        3.964818    3.881808    0.598218  00:53                                                                                                        
11        3.976599    3.889237    0.625795  00:53                                                                                                        
12        3.955498    3.882375    0.638948  00:53                                                                                                        
13        3.958927    3.895117    0.621553  00:53                                                                                                        
14        3.954533    3.894103    0.630887  00:53                                                                                                        
15        3.957386    3.874436    0.641069  00:53                                                                                                        
16        3.959621    3.881932    0.644039  00:53                                                                                                        
17        3.941607    3.877793    0.637675  00:53                                                                                                        
18        3.940961    3.874492    0.634281  00:53                                                                                                        
19        3.936347    3.873045    0.642766  00:53                                                                                                        
20        3.943282    3.864320    0.643615  00:53                                                                                                        
21        3.927429    3.857593    0.647009  00:53                                                                                                        
22        3.910050    3.855532    0.649554  00:53                                                                                                        
23        3.919331    3.858161    0.652524  00:53                                                                                                        
24        3.916401    3.856764    0.658464  00:53                                                                                                        
25        3.914056    3.852199    0.659737  00:53                                                                                                        
26        3.908963    3.853159    0.667374  00:53                                                                                                        
27        3.914865    3.851252    0.662707  00:53                                                                                                        
28        3.910675    3.849886    0.666101  00:53                                                                                                        
29        3.918135    3.851212    0.661010  00:53                                                                                                        
--------------------------
CUB_200_2011, arcface22
ilk epoch
epoch     train_loss  valid_loss  accuracy  time    
0         5.760798    5.519843    0.025456  00:53                                                                                                       
1         5.311166    4.996853    0.160373  00:53                                                                                                       
2         5.007289    4.864050    0.234620  00:53                                                                                                       
3         4.814405    4.588847    0.230802  00:53                                                                                                       
4         4.434787    4.171327    0.329232  00:53                                                                                                       
5         4.233134    4.063222    0.369538  00:53                                                                                                       
6         4.156698    4.024724    0.416207  00:53                                                                                                       
7         4.114582    4.002419    0.461604  00:53                                                                                                       
8         4.090355    3.969349    0.464149  00:53                                                                                                       
9         4.071994    3.993698    0.467543  00:53                                                                                                        
10        4.040811    3.965539    0.505303  00:53                                                                                                        
11        4.025207    3.928941    0.564277  00:53                                                                                                        
12        3.999591    3.916289    0.558761  00:53                                                                                                        
13        3.982647    3.908748    0.579975  00:53                                                                                                        
14        3.974225    3.892599    0.591006  00:53                                                                                                        
15        3.959041    3.892170    0.610946  00:53                                                                                                        
16        3.940889    3.888511    0.615189  00:53                                                                                                        
17        3.944557    3.883540    0.619431  00:53                                                                                                        
18        3.939306    3.880271    0.624523  00:53                                                                                                        
19        3.939789    3.882498    0.628765  00:53                                                                                                        
ikinci epoch
epoch     train_loss  valid_loss  accuracy  time    
0         3.934533    3.883417    0.629614  00:53                                                                                                       
1         3.938173    3.877643    0.629614  00:53                                                                                                       
2         3.933893    3.876713    0.628765  00:53                                                                                                       
3         3.928947    3.883436    0.616037  00:53                                                                                                       
4         3.950639    3.894468    0.617310  00:53                                                                                                       
5         3.954703    3.889120    0.614765  00:53                                                                                                       
6         3.957131    3.894541    0.609249  00:53                                                                                                       
7         3.978608    3.907599    0.601612  00:53                                                                                                       
8         3.964437    3.906964    0.614340  00:53                                                                                                       
9         3.964937    3.897126    0.616886  00:53                                                                                                        
10        3.975885    3.891835    0.613492  00:53                                                                                                        
11        3.966863    3.883828    0.611370  00:53                                                                                                        
12        3.974781    3.888546    0.609673  00:53                                                                                                        
13        3.969350    3.879982    0.621129  00:53                                                                                                        
14        3.964695    3.883261    0.637251  00:53                                                                                                        
15        3.959619    3.885011    0.628765  00:53                                                                                                        
16        3.945902    3.869746    0.634281  00:53                                                                                                        
17        3.949479    3.868817    0.644463  00:53                                                                                                        
18        3.951250    3.861394    0.649130  00:53                                                                                                        
19        3.932699    3.857558    0.654646  00:53                                                                                                        
20        3.929601    3.854477    0.657616  00:53                                                                                                        
21        3.927625    3.851619    0.658464  00:53                                                                                                        
22        3.922163    3.853904    0.663980  00:53                                                                                                        
23        3.923048    3.851880    0.663131  00:53                                                                                                        
24        3.913193    3.853588    0.666525  00:53                                                                                                        
25        3.910360    3.850943    0.672041  00:53                                                                                                        
26        3.910681    3.852518    0.672889  00:53                                                                                                        
27        3.909478    3.852108    0.671616  00:53                                                                                                        
28        3.907279    3.852690    0.665252  00:53                                                                                                        
29        3.901049    3.850430    0.672041  00:53                                                                                                        
--------------------------
