CUB_200_2011, arcface0
ilk epoch
epoch     train_loss  valid_loss  accuracy  time    
0         5.587062    5.310904    0.025032  00:54                                                                                                       
1         5.123130    4.790962    0.171829  00:53                                                                                                       
2         4.793411    4.666238    0.243106  00:53                                                                                                       
3         4.609859    4.378674    0.216377  00:53                                                                                                       
4         4.221434    3.983771    0.299958  00:53                                                                                                       
5         4.039132    3.863241    0.378871  00:53                                                                                                       
6         3.970735    3.831316    0.424268  00:53                                                                                                       
7         3.916471    3.809503    0.452694  00:53                                                                                                       
8         3.880655    3.769949    0.480696  00:53                                                                                                       
9         3.858462    3.782073    0.479847  00:53                                                                                                        
10        3.848527    3.754801    0.529911  00:53                                                                                                        
11        3.820844    3.736516    0.539245  00:53                                                                                                        
12        3.811649    3.721613    0.551124  00:53                                                                                                        
13        3.785904    3.715055    0.578702  00:53                                                                                                        
14        3.777299    3.697464    0.585066  00:53                                                                                                        
15        3.759544    3.691571    0.602885  00:53                                                                                                        
16        3.741618    3.688429    0.603309  00:53                                                                                                        
17        3.753119    3.682791    0.604582  00:53                                                                                                        
18        3.748843    3.685561    0.606279  00:53                                                                                                        
19        3.733141    3.684058    0.607128  00:53                                                                                                        
ikinci epoch
epoch     train_loss  valid_loss  accuracy  time    
0         3.739999    3.683037    0.616462  00:53                                                                                                       
1         3.746636    3.679781    0.620280  00:53                                                                                                       
2         3.739786    3.674434    0.628765  00:53                                                                                                       
3         3.739298    3.682456    0.617310  00:53                                                                                                       
4         3.749278    3.686323    0.607552  00:53                                                                                                       
5         3.762845    3.708076    0.601612  00:53                                                                                                       
6         3.771398    3.709240    0.598642  00:53                                                                                                       
7         3.785451    3.709325    0.599067  00:53                                                                                                       
8         3.783823    3.709544    0.604158  00:53                                                                                                       
9         3.784010    3.706178    0.613067  00:53                                                                                                        
10        3.779237    3.702110    0.592703  00:53                                                                                                        
11        3.772706    3.696038    0.604582  00:53                                                                                                        
12        3.763597    3.695600    0.630462  00:53                                                                                                        
13        3.769518    3.696832    0.612643  00:53                                                                                                        
14        3.764695    3.695113    0.636402  00:53                                                                                                        
15        3.752707    3.691870    0.629614  00:53                                                                                                        
16        3.751185    3.692534    0.634281  00:53                                                                                                        
17        3.754448    3.685433    0.640645  00:53                                                                                                        
18        3.740847    3.682261    0.642342  00:53                                                                                                        
19        3.741454    3.679245    0.643615  00:53                                                                                                        
20        3.738315    3.678313    0.645312  00:53                                                                                                        
21        3.718520    3.676039    0.654646  00:53                                                                                                        
22        3.727015    3.674052    0.658040  00:53                                                                                                        
23        3.731042    3.668494    0.664404  00:53                                                                                                        
24        3.715529    3.664051    0.666950  00:53                                                                                                        
25        3.723874    3.666007    0.664828  00:53                                                                                                        
26        3.721799    3.663049    0.666950  00:53                                                                                                        
27        3.716432    3.663911    0.666525  00:53                                                                                                        
28        3.712844    3.662398    0.669071  00:53                                                                                                        
29        3.711773    3.665043    0.669919  00:53                                                                                                        
--------------------------
CUB_200_2011, arcface1
ilk epoch
epoch     train_loss  valid_loss  accuracy  time    
0         5.564777    5.310538    0.027577  00:53                                                                                                       
1         5.116029    4.799446    0.166737  00:53                                                                                                       
2         4.815453    4.670767    0.243106  00:53                                                                                                       
3         4.608385    4.367439    0.225286  00:53                                                                                                       
4         4.235216    3.963192    0.298685  00:53                                                                                                       
5         4.042631    3.883079    0.376326  00:53                                                                                                       
6         3.974663    3.836056    0.417480  00:53                                                                                                       
7         3.907387    3.789763    0.435723  00:53                                                                                                       
8         3.896085    3.775848    0.483666  00:53                                                                                                       
9         3.857332    3.754267    0.506576  00:53                                                                                                        
10        3.852218    3.748812    0.521850  00:53                                                                                                        
11        3.826461    3.715235    0.541366  00:53                                                                                                        
12        3.809767    3.718095    0.543063  00:53                                                                                                        
13        3.790592    3.716387    0.539669  00:53                                                                                                        
14        3.763066    3.701978    0.560458  00:53                                                                                                        
15        3.759055    3.694597    0.579550  00:53                                                                                                        
16        3.760783    3.687319    0.589733  00:53                                                                                                        
17        3.750046    3.685511    0.597794  00:53                                                                                                        
18        3.745626    3.689259    0.600339  00:53                                                                                                        
19        3.730775    3.684143    0.603734  00:53                                                                                                        
ikinci epoch
epoch     train_loss  valid_loss  accuracy  time    
0         3.741342    3.684917    0.602885  00:53                                                                                                       
1         3.745523    3.679344    0.608825  00:53                                                                                                       
2         3.732637    3.679475    0.603734  00:53                                                                                                       
3         3.728665    3.683005    0.607128  00:53                                                                                                       
4         3.750799    3.673030    0.606279  00:53                                                                                                       
5         3.752419    3.686414    0.614340  00:53                                                                                                       
6         3.763511    3.692162    0.582944  00:53                                                                                                       
7         3.766820    3.689964    0.604582  00:53                                                                                                       
8         3.767770    3.701650    0.600339  00:53                                                                                                       
9         3.767704    3.710860    0.597370  00:53                                                                                                        
10        3.783320    3.698411    0.604158  00:53                                                                                                        
11        3.773399    3.693935    0.608401  00:53                                                                                                        
12        3.771327    3.689868    0.617734  00:53                                                                                                        
13        3.784452    3.700193    0.604582  00:53                                                                                                        
14        3.768605    3.696930    0.609673  00:53                                                                                                        
15        3.773067    3.692823    0.624947  00:53                                                                                                        
16        3.749800    3.688112    0.624523  00:53                                                                                                        
17        3.757055    3.683897    0.638099  00:53                                                                                                        
18        3.749292    3.676749    0.633008  00:53                                                                                                        
19        3.732962    3.672503    0.633432  00:53                                                                                                        
20        3.728064    3.671370    0.635554  00:53                                                                                                        
21        3.742233    3.671487    0.641493  00:53                                                                                                        
22        3.726018    3.661684    0.645736  00:53                                                                                                        
23        3.713477    3.660670    0.653373  00:53                                                                                                        
24        3.718918    3.657448    0.657191  00:53                                                                                                        
25        3.723466    3.653543    0.661434  00:53                                                                                                        
26        3.714636    3.652414    0.662283  00:53                                                                                                        
27        3.707011    3.656063    0.670344  00:53                                                                                                        
28        3.711133    3.652001    0.660585  00:53                                                                                                        
29        3.709460    3.653015    0.668647  00:53                                                                                                        
--------------------------
CUB_200_2011, arcface2
ilk epoch
epoch     train_loss  valid_loss  accuracy  time    
0         5.570076    5.313819    0.024183  00:53                                                                                                       
1         5.123354    4.807770    0.146373  00:53                                                                                                       
2         4.812627    4.677795    0.221044  00:53                                                                                                       
3         4.633181    4.429939    0.208316  00:53                                                                                                       
4         4.272936    3.980900    0.282138  00:53                                                                                                       
5         4.054756    3.880000    0.400085  00:53                                                                                                       
6         3.969114    3.819134    0.434875  00:53                                                                                                       
7         3.926002    3.808076    0.443360  00:53                                                                                                       
8         3.882915    3.770352    0.464998  00:53                                                                                                       
9         3.866450    3.780290    0.489605  00:53                                                                                                        
10        3.840207    3.751932    0.502333  00:53                                                                                                        
11        3.818624    3.733447    0.541366  00:53                                                                                                        
12        3.817391    3.726935    0.568944  00:53                                                                                                        
13        3.793675    3.722875    0.546457  00:53                                                                                                        
14        3.779598    3.697335    0.577429  00:53                                                                                                        
15        3.758967    3.697518    0.598218  00:53                                                                                                        
16        3.755512    3.689421    0.608825  00:53                                                                                                        
17        3.746651    3.687740    0.616037  00:53                                                                                                        
18        3.735405    3.685408    0.618583  00:53                                                                                                        
19        3.736171    3.685795    0.619856  00:53                                                                                                        
ikinci epoch
epoch     train_loss  valid_loss  accuracy  time    
0         3.746743    3.685190    0.621129  00:53                                                                                                       
1         3.739497    3.680707    0.614340  00:53                                                                                                       
2         3.746461    3.678014    0.625371  00:53                                                                                                       
3         3.736259    3.686211    0.615613  00:53                                                                                                       
4         3.747289    3.690903    0.621553  00:53                                                                                                       
5         3.758179    3.712700    0.616462  00:53                                                                                                       
6         3.768550    3.704473    0.591854  00:53                                                                                                       
7         3.774901    3.702332    0.603734  00:53                                                                                                       
8         3.772784    3.697051    0.621129  00:53                                                                                                       
9         3.760760    3.708635    0.596097  00:53                                                                                                        
10        3.783525    3.703910    0.604158  00:53                                                                                                        
11        3.780055    3.693745    0.603734  00:53                                                                                                        
12        3.777190    3.692481    0.616886  00:53                                                                                                        
13        3.775296    3.695101    0.615189  00:53                                                                                                        
14        3.768162    3.685251    0.627068  00:54                                                                                                        
15        3.758450    3.689347    0.638099  00:53                                                                                                        
16        3.748098    3.679251    0.631735  00:53                                                                                                        
17        3.761534    3.679262    0.645312  00:53                                                                                                        
18        3.740648    3.678404    0.646160  00:53                                                                                                        
19        3.740036    3.677212    0.642342  00:53                                                                                                        
20        3.740804    3.671831    0.644463  00:53                                                                                                        
21        3.722924    3.671927    0.662283  00:53                                                                                                        
22        3.725855    3.669209    0.664404  00:53                                                                                                        
23        3.726969    3.665476    0.658464  00:53                                                                                                        
24        3.722910    3.665687    0.666525  00:53                                                                                                        
25        3.722712    3.664512    0.665252  00:53                                                                                                        
26        3.722702    3.660700    0.675435  00:53                                                                                                        
27        3.709886    3.662427    0.669071  00:53                                                                                                        
28        3.720020    3.662325    0.674162  00:53                                                                                                        
29        3.717784    3.661477    0.673738  00:53                                                                                                        
--------------------------
