MNIST, arcface 0
ilk epoch
epoch     train_loss  valid_loss  accuracy  time    
0         1.631680    1.465171    0.756800  00:37                                                                                                       
1         1.060683    0.972955    0.921400  00:36                                                                                                       
2         0.946230    0.899132    0.963700  00:37                                                                                                       
3         0.918036    0.882274    0.975300  00:36                                                                                                       
4         0.909571    0.875215    0.979700  00:37                                                                                                       
5         0.906786    0.876663    0.978100  00:37                                                                                                       
6         0.898063    0.871120    0.981600  00:36                                                                                                       
7         0.894964    0.868193    0.984400  00:35                                                                                                       
8         0.881710    0.860543    0.986900  00:36                                                                                                       
9         0.880971    0.864028    0.986800  00:36                                                                                                        
10        0.882845    0.861724    0.986900  00:36                                                                                                        
11        0.879743    0.860771    0.988300  00:36                                                                                                        
12        0.874463    0.860102    0.987300  00:36                                                                                                        
13        0.874085    0.856199    0.990200  00:36                                                                                                        
14        0.870433    0.856388    0.989200  00:36                                                                                                        
15        0.870553    0.856975    0.990200  00:36                                                                                                        
16        0.866261    0.855277    0.989900  00:36                                                                                                        
17        0.865107    0.855141    0.990300  00:38                                                                                                        
18        0.863728    0.854561    0.990800  00:37                                                                                                        
19        0.868186    0.855590    0.990400  00:37                                                                                                        
ikinci epoch
epoch     train_loss  valid_loss  accuracy  time    
0         0.869865    0.854459    0.991000  00:36                                                                                                       
1         0.867899    0.855893    0.990400  00:38                                                                                                       
2         0.867122    0.855598    0.990500  00:36                                                                                                       
3         0.867904    0.857310    0.989800  00:36                                                                                                       
4         0.870399    0.857303    0.990100  00:37                                                                                                       
5         0.874662    0.859035    0.988400  00:37                                                                                                       
6         0.871622    0.858366    0.989200  00:37                                                                                                       
7         0.870124    0.857262    0.990400  00:37                                                                                                       
8         0.873345    0.857421    0.989700  00:36                                                                                                       
9         0.866281    0.858191    0.989100  00:37                                                                                                        
10        0.869642    0.858286    0.988100  00:37                                                                                                        
11        0.867004    0.856837    0.988300  00:37                                                                                                        
12        0.868896    0.857398    0.990300  00:37                                                                                                        
13        0.870715    0.856678    0.990600  00:36                                                                                                        
14        0.862280    0.857506    0.989800  00:36                                                                                                        
15        0.865817    0.855592    0.990900  00:36                                                                                                        
16        0.863679    0.856215    0.990400  00:37                                                                                                        
17        0.860646    0.856607    0.990200  00:36                                                                                                        
18        0.863955    0.855141    0.990900  00:37                                                                                                        
19        0.862571    0.856772    0.989900  00:36                                                                                                        
20        0.861516    0.855785    0.991000  00:37                                                                                                        
21        0.857054    0.855691    0.991300  00:37                                                                                                        
22        0.859487    0.855491    0.990900  00:36                                                                                                        
23        0.860530    0.855208    0.991100  00:35                                                                                                        
24        0.858433    0.855266    0.990800  00:36                                                                                                        
25        0.857848    0.854697    0.990800  00:36                                                                                                        
26        0.858091    0.855595    0.990500  00:35                                                                                                        
27        0.859974    0.854611    0.991300  00:35                                                                                                        
28        0.858570    0.854639    0.990900  00:36                                                                                                        
29        0.857158    0.854188    0.991200  00:35                                                                                                        
--------------------------
MNIST, arcface 1
ilk epoch
epoch     train_loss  valid_loss  accuracy  time    
0         1.636288    1.470198    0.760500  00:36                                                                                                       
1         1.087257    0.992134    0.912800  00:36                                                                                                       
2         0.946143    0.903068    0.961700  00:36                                                                                                       
3         0.922649    0.888003    0.973400  00:37                                                                                                       
4         0.902844    0.877465    0.977100  00:36                                                                                                       
5         0.903041    0.873655    0.979400  00:36                                                                                                       
6         0.895479    0.870391    0.981600  00:35                                                                                                       
7         0.892293    0.877812    0.979100  00:35                                                                                                       
8         0.885801    0.866966    0.985200  00:35                                                                                                       
9         0.878848    0.862121    0.986600  00:35                                                                                                        
10        0.884607    0.867239    0.983700  00:38                                                                                                        
11        0.873584    0.862178    0.986400  00:37                                                                                                        
12        0.872079    0.859208    0.988500  00:37                                                                                                        
13        0.874125    0.856867    0.990100  00:37                                                                                                        
14        0.869580    0.856723    0.989400  00:37                                                                                                        
15        0.863940    0.858040    0.988900  00:37                                                                                                        
16        0.868028    0.856435    0.990200  00:38                                                                                                        
17        0.863850    0.855780    0.989600  00:37                                                                                                        
18        0.862597    0.855388    0.991000  00:38                                                                                                        
19        0.865218    0.855062    0.990900  00:37                                                                                                        
ikinci epoch
epoch     train_loss  valid_loss  accuracy  time    
0         0.864768    0.855296    0.991000  00:37                                                                                                       
1         0.862124    0.855513    0.990700  00:37                                                                                                       
2         0.863670    0.855603    0.991100  00:37                                                                                                       
3         0.863647    0.857631    0.989300  00:38                                                                                                       
4         0.869451    0.856655    0.990200  00:37                                                                                                       
5         0.866788    0.859716    0.988900  00:36                                                                                                       
6         0.871346    0.859181    0.987800  00:37                                                                                                       
7         0.869471    0.859356    0.989200  00:37                                                                                                       
8         0.873357    0.859758    0.989100  00:37                                                                                                       
9         0.869837    0.858724    0.988700  00:37                                                                                                        
10        0.868546    0.858801    0.988700  00:37                                                                                                        
11        0.865446    0.859577    0.988800  00:37                                                                                                        
12        0.864026    0.856663    0.989400  00:38                                                                                                        
13        0.871325    0.858333    0.989500  00:37                                                                                                        
14        0.863292    0.857031    0.990400  00:37                                                                                                        
15        0.869358    0.855968    0.990600  00:38                                                                                                        
16        0.860558    0.855535    0.990400  00:38                                                                                                        
17        0.863807    0.857744    0.989500  00:37                                                                                                        
18        0.864941    0.855490    0.990900  00:35                                                                                                        
19        0.859912    0.854502    0.991800  00:34                                                                                                        
20        0.864322    0.853345    0.991900  00:35                                                                                                        
21        0.862012    0.853759    0.992100  00:34                                                                                                        
22        0.861091    0.855107    0.990800  00:34                                                                                                        
23        0.857528    0.854245    0.991600  00:35                                                                                                        
24        0.862617    0.854373    0.991600  00:35                                                                                                        
25        0.860798    0.854381    0.991800  00:34                                                                                                        
26        0.858822    0.853237    0.992400  00:34                                                                                                        
27        0.857377    0.853457    0.992600  00:34                                                                                                        
28        0.856622    0.852443    0.992100  00:34                                                                                                        
29        0.860618    0.852404    0.992700  00:34                                                                                                        
--------------------------
MNIST, arcface 2
ilk epoch
epoch     train_loss  valid_loss  accuracy  time    
0         1.620232    1.478525    0.752000  00:34                                                                                                       
1         1.061265    0.974638    0.924900  00:34                                                                                                       
2         0.952227    0.906927    0.961400  00:34                                                                                                       
3         0.915824    0.885715    0.972600  00:35                                                                                                       
4         0.906448    0.880349    0.976000  00:34                                                                                                       
5         0.903259    0.879972    0.977700  00:34                                                                                                       
6         0.894452    0.869943    0.982500  00:34                                                                                                       
7         0.894669    0.865559    0.983800  00:35                                                                                                       
8         0.885756    0.867962    0.982900  00:34                                                                                                       
9         0.884009    0.865264    0.984600  00:34                                                                                                        
10        0.885513    0.864295    0.987000  00:34                                                                                                        
11        0.880882    0.858582    0.988400  00:34                                                                                                        
12        0.875818    0.859952    0.987900  00:34                                                                                                        
13        0.867196    0.857634    0.988700  00:35                                                                                                        
14        0.868804    0.858240    0.988400  00:34                                                                                                        
15        0.868639    0.856155    0.989700  00:34                                                                                                        
16        0.868018    0.856577    0.990100  00:35                                                                                                        
17        0.871867    0.856942    0.989700  00:34                                                                                                        
18        0.868039    0.856256    0.989900  00:34                                                                                                        
19        0.863129    0.856129    0.990100  00:34                                                                                                        
ikinci epoch
epoch     train_loss  valid_loss  accuracy  time    
0         0.865320    0.855090    0.990700  00:34                                                                                                       
1         0.866380    0.855138    0.990000  00:34                                                                                                       
2         0.864375    0.855025    0.991500  00:34                                                                                                       
3         0.866155    0.856388    0.989900  00:34                                                                                                       
4         0.864098    0.856186    0.990100  00:34                                                                                                       
5         0.864410    0.857661    0.989100  00:34                                                                                                       
6         0.865381    0.855933    0.990100  00:34                                                                                                       
7         0.867087    0.855350    0.990600  00:35                                                                                                       
8         0.871963    0.866238    0.984700  00:34                                                                                                       
9         0.869546    0.858750    0.988300  00:34                                                                                                        
10        0.867440    0.857300    0.989200  00:34                                                                                                        
11        0.869230    0.858155    0.990000  00:34                                                                                                        
12        0.864561    0.857887    0.990500  00:34                                                                                                        
13        0.868748    0.856096    0.990500  00:35                                                                                                        
14        0.864707    0.856425    0.990100  00:34                                                                                                        
15        0.861982    0.857530    0.990100  00:35                                                                                                        
16        0.862181    0.855858    0.990300  00:34                                                                                                        
17        0.860547    0.856329    0.989900  00:34                                                                                                        
18        0.864226    0.856644    0.989200  00:34                                                                                                        
19        0.861069    0.856541    0.990300  00:34                                                                                                        
20        0.865187    0.855659    0.990800  00:34                                                                                                        
21        0.857779    0.855608    0.991400  00:34                                                                                                        
22        0.860419    0.855037    0.991100  00:34                                                                                                        
23        0.858066    0.855649    0.991000  00:34                                                                                                        
24        0.858845    0.855316    0.991200  00:34                                                                                                        
25        0.861620    0.854162    0.991600  00:33                                                                                                        
26        0.856960    0.854244    0.991800  00:34                                                                                                        
27        0.858119    0.855553    0.991700  00:34                                                                                                        
28        0.861261    0.854235    0.991500  00:34                                                                                                        
29        0.855397    0.854668    0.991900  00:34                                                                                                        
--------------------------
MNIST, arcface20
