MNIST, CrossEntropyLossFlat0
ilk epoch
epoch     train_loss  valid_loss  accuracy  time    
0         0.767225    0.430717    0.866000  00:35                                                                                                       
1         0.245439    0.135118    0.957300  00:35                                                                                                       
2         0.143284    0.074382    0.977300  01:48                                                                                                       
3         0.112006    0.061153    0.981700  00:35                                                                                                       
4         0.092342    0.048892    0.984200  00:36                                                                                                       
5         0.082246    0.047505    0.986100  00:36                                                                                                       
6         0.072095    0.042327    0.987300  00:36                                                                                                       
7         0.059081    0.036043    0.988800  00:35                                                                                                       
8         0.047867    0.034625    0.989300  00:34                                                                                                       
9         0.043715    0.035502    0.989600  00:34                                                                                                        
10        0.032508    0.033802    0.990400  00:35                                                                                                        
11        0.033348    0.033634    0.989300  00:34                                                                                                        
12        0.034157    0.031155    0.990500  00:35                                                                                                        
13        0.027899    0.029211    0.991400  00:35                                                                                                        
14        0.023410    0.030697    0.991700  00:35                                                                                                        
15        0.020430    0.028868    0.991800  00:36                                                                                                        
16        0.014231    0.030496    0.992500  00:36                                                                                                        
17        0.012282    0.030462    0.991800  00:36                                                                                                        
18        0.016527    0.029919    0.992000  00:36                                                                                                        
19        0.013586    0.030240    0.992300  00:36                                                                                                        
ikinci epoch
epoch     train_loss  valid_loss  accuracy  time    
0         0.012553    0.029382    0.992300  00:35                                                                                                       
1         0.020328    0.031236    0.992000  00:35                                                                                                       
2         0.012531    0.034399    0.990400  00:34                                                                                                       
3         0.017072    0.033047    0.992100  00:35                                                                                                       
4         0.015467    0.032083    0.991200  00:35                                                                                                       
5         0.022495    0.031332    0.991700  00:34                                                                                                       
6         0.015610    0.031556    0.990800  00:34                                                                                                       
7         0.021596    0.033122    0.990700  00:34                                                                                                       
8         0.020384    0.036341    0.990800  00:34                                                                                                       
9         0.020494    0.037804    0.990300  00:34                                                                                                        
10        0.023164    0.031753    0.991300  00:34                                                                                                        
11        0.022192    0.034645    0.990400  00:35                                                                                                        
12        0.018007    0.033316    0.990800  00:33                                                                                                        
13        0.021282    0.032896    0.992200  00:33                                                                                                        
14        0.014220    0.030028    0.992700  00:33                                                                                                        
15        0.014926    0.033637    0.990700  00:34                                                                                                        
16        0.011290    0.029575    0.992700  00:33                                                                                                        
17        0.013811    0.032054    0.992400  00:34                                                                                                        
18        0.013828    0.031175    0.992700  00:34                                                                                                        
19        0.009792    0.032245    0.991800  00:33                                                                                                        
20        0.010402    0.032265    0.991900  00:34                                                                                                        
21        0.009171    0.034879    0.992100  00:34                                                                                                        
22        0.010042    0.033024    0.992700  00:34                                                                                                        
23        0.006480    0.033823    0.992200  00:34                                                                                                        
24        0.005512    0.033707    0.991800  00:34                                                                                                        
25        0.008184    0.033706    0.992300  00:33                                                                                                        
26        0.006847    0.034089    0.992100  00:34                                                                                                        
27        0.009010    0.033085    0.992200  00:34                                                                                                        
28        0.003765    0.034720    0.992200  00:34                                                                                                        
29        0.006093    0.035029    0.992400  00:34                                                                                                        
--------------------------
MNIST, CrossEntropyLossFlat1
ilk epoch
epoch     train_loss  valid_loss  accuracy  time    
0         0.753624    0.459537    0.855900  00:33                                                                                                       
1         0.257923    0.130878    0.956600  00:32                                                                                                       
2         0.128712    0.081970    0.974900  00:33                                                                                                       
3         0.108029    0.066795    0.981000  00:33                                                                                                       
4         0.092746    0.051528    0.984600  00:33                                                                                                       
5         0.069438    0.042368    0.987500  00:34                                                                                                       
6         0.064541    0.038758    0.988300  00:33                                                                                                       
7         0.059576    0.035537    0.989500  00:33                                                                                                       
8         0.057643    0.036623    0.989100  00:33                                                                                                       
9         0.051154    0.035114    0.989900  00:33                                                                                                        
10        0.035731    0.029721    0.991300  00:34                                                                                                        
11        0.030207    0.027803    0.992400  00:33                                                                                                        
12        0.027430    0.028632    0.991800  00:34                                                                                                        
13        0.026436    0.031487    0.991000  00:35                                                                                                        
14        0.021711    0.026706    0.992100  00:35                                                                                                        
15        0.019945    0.027920    0.991600  00:36                                                                                                        
16        0.014954    0.028645    0.991900  00:35                                                                                                        
17        0.017961    0.027019    0.992900  00:35                                                                                                        
18        0.011390    0.028839    0.992900  00:35                                                                                                        
19        0.011839    0.027852    0.992200  00:35                                                                                                        
ikinci epoch
epoch     train_loss  valid_loss  accuracy  time    
0         0.010372    0.028855    0.992200  00:36                                                                                                       
1         0.013665    0.028993    0.992400  00:35                                                                                                       
2         0.014488    0.029281    0.992400  00:35                                                                                                       
3         0.012223    0.031225    0.992100  00:35                                                                                                       
4         0.017501    0.032603    0.991400  00:35                                                                                                       
5         0.020164    0.030236    0.991900  00:36                                                                                                       
6         0.027264    0.032469    0.991600  00:35                                                                                                       
7         0.015850    0.030969    0.991700  00:35                                                                                                       
8         0.027288    0.031236    0.990600  00:35                                                                                                       
9         0.020618    0.038291    0.990000  00:35                                                                                                        
10        0.024032    0.035536    0.989800  00:35                                                                                                        
11        0.018403    0.028673    0.991900  00:36                                                                                                        
12        0.028568    0.031888    0.991400  00:35                                                                                                        
13        0.013709    0.030395    0.991900  00:35                                                                                                        
14        0.016250    0.033341    0.991100  00:35                                                                                                        
15        0.015199    0.035785    0.990800  00:35                                                                                                        
16        0.008981    0.031199    0.991600  00:35                                                                                                        
17        0.009333    0.033729    0.990800  00:35                                                                                                        
18        0.015118    0.033856    0.991300  00:36                                                                                                        
19        0.006569    0.031478    0.992100  00:35                                                                                                        
20        0.008309    0.029847    0.991900  00:35                                                                                                        
21        0.007070    0.031150    0.991500  00:34                                                                                                        
22        0.009154    0.030547    0.991800  00:35                                                                                                        
23        0.009173    0.031233    0.991700  00:35                                                                                                        
24        0.004341    0.031270    0.992000  00:35                                                                                                        
25        0.005677    0.030986    0.992300  00:34                                                                                                        
26        0.004685    0.030635    0.992200  00:34                                                                                                        
27        0.006927    0.031517    0.991900  00:34                                                                                                        
28        0.005158    0.032320    0.992800  00:34                                                                                                        
29        0.004586    0.031826    0.992700  00:34                                                                                                        
--------------------------
MNIST, CrossEntropyLossFlat2
ilk epoch
epoch     train_loss  valid_loss  accuracy  time    
0         0.768088    0.450871    0.859900  00:35                                                                                                       
1         0.262398    0.137577    0.957800  00:35                                                                                                       
2         0.135894    0.072756    0.977000  00:34                                                                                                       
3         0.100428    0.052754    0.982500  00:35                                                                                                       
4         0.092618    0.060570    0.981600  00:35                                                                                                       
5         0.072802    0.039282    0.987900  00:32                                                                                                       
6         0.063296    0.041708    0.986900  00:32                                                                                                       
7         0.044820    0.043428    0.987100  00:32                                                                                                       
8         0.044329    0.031876    0.989200  00:32                                                                                                       
9         0.042873    0.038328    0.989200  00:32                                                                                                        
10        0.030937    0.032900    0.990000  00:32                                                                                                        
11        0.036267    0.029616    0.990800  00:31                                                                                                        
12        0.019803    0.027713    0.991600  00:32                                                                                                        
13        0.023563    0.026888    0.992300  00:31                                                                                                        
14        0.018874    0.026552    0.992100  00:32                                                                                                        
15        0.017774    0.027317    0.992500  00:32                                                                                                        
16        0.010540    0.029288    0.991800  00:31                                                                                                        
17        0.012447    0.028770    0.992500  00:32                                                                                                        
18        0.013260    0.027727    0.992400  00:32                                                                                                        
19        0.012846    0.026564    0.992700  00:32                                                                                                        
ikinci epoch
epoch     train_loss  valid_loss  accuracy  time    
0         0.012142    0.027544    0.992100  00:32                                                                                                       
1         0.012104    0.028179    0.992200  00:32                                                                                                       
2         0.014212    0.027895    0.992100  00:32                                                                                                       
3         0.015323    0.029059    0.992800  00:31                                                                                                       
4         0.023198    0.031892    0.992200  00:34                                                                                                       
5         0.021841    0.032193    0.991900  00:32                                                                                                       
6         0.028365    0.029206    0.992600  00:33                                                                                                       
7         0.023770    0.029601    0.991300  00:33                                                                                                       
8         0.025395    0.029623    0.991500  00:31                                                                                                       
9         0.014671    0.026164    0.991900  00:31                                                                                                        
10        0.022018    0.028676    0.992100  00:31                                                                                                        
11        0.024980    0.029263    0.991900  00:31                                                                                                        
12        0.024258    0.031280    0.990500  00:30                                                                                                        
13        0.022374    0.032353    0.991400  00:30                                                                                                        
14        0.022142    0.032752    0.991500  00:31                                                                                                        
15        0.012934    0.031315    0.990800  00:31                                                                                                        
16        0.010309    0.032401    0.992200  00:32                                                                                                        
17        0.013180    0.030971    0.992500  00:30                                                                                                        
18        0.015518    0.029774    0.992400  00:32                                                                                                        
19        0.009934    0.033254    0.992000  00:31                                                                                                        
20        0.011688    0.029784    0.992100  00:32                                                                                                        
21        0.009274    0.032084    0.992100  00:30                                                                                                        
22        0.007934    0.033715    0.991900  00:31                                                                                                        
23        0.004246    0.034458    0.992000  00:31                                                                                                        
24        0.005132    0.033305    0.992600  00:31                                                                                                        
25        0.005098    0.034850    0.991700  00:31                                                                                                        
26        0.008659    0.034052    0.991900  00:31                                                                                                        
27        0.005838    0.033917    0.992300  00:30                                                                                                        
28        0.005417    0.033028    0.992000  00:32                                                                                                        
29        0.006019    0.034515    0.991700  00:31                                                                                                        
--------------------------

